23:41:14 initial 1790348526 323706880 1790350793 123632 
00:00:32 1790348526 323706880 1790352024 135992 
00:00:42 1790348526 323706880 1790352035 618032 
00:01:03 1790348526 323706880 1790352058 964112 
00:02:53 1790348526 323706880 1790352166 1042392 
00:03:43 1790348526 323706880 1790352222 1054752 
00:05:14 1790348526 323706880 1790352307 1058872 
00:05:54 1790348526 323706880 1790352352 1067112 
00:07:35 1790348526 323706880 1790352447 1079472 
00:08:05 1790348526 323706880 1790352485 1137152 
00:08:15 1790348526 323706880 1790352490 1359632 
00:08:25 1790348526 323706880 1790352498 1759272 
00:13:07 1790348526 323706880 1790352784 1783992 
00:13:17 1790348526 323706880 1790352797 1812832 
00:13:27 1790348526 323706880 1790352800 1829312 
00:26:32 1790348526 323706880 1790353589 1833432 
00:26:42 1790348526 323706880 1790353592 1837552 
00:28:23 1790348526 323706880 1790353701 2006472 
00:30:23 1790348526 323706880 1790353821 2010592 
00:34:15 1790348526 323706880 1790354050 2014712 
00:37:26 1790348526 323706880 1790354050 2014712 
00:40:47 1790348526 323706880 1790354447 2039432 
00:42:18 1790354538 323706880 1790354538 7766232 
00:42:28 1790354540 323706880 1790354546 3588552 
00:42:38 1790354555 323883008 1790354558 2187752 
00:42:48 1790354565 323960832 1790354565 6377792 
00:43:08 1790354580 323960832 1790354580 6835112 
